10 13
1
MH1
2020
3 10 150 180
0
11
N20DCPT001
10.000000
0
N20DCPT011
0.000000
0
N20DCPT012
10.000000
0
N20DCPT033
8.000000
0
N20DCPT041
5.000000
0
N20DCPT044
10.000000
0
N20DCPT077
3.000000
0
N20DCPT088
2.000000
0
N20DCPT089
0.000000
0
N20DCPT090
0.000000
0
N20DCPT091
10.000000
0
2
MH2
2020
3 2 150 200
0
8
N20DCPT011
9.000000
0
N20DCPT012
0.000000
0
N20DCPT033
0.000000
0
N20DCPT041
0.000000
0
N20DCPT044
10.000000
0
N20DCPT045
7.000000
0
N20DCPT079
9.800000
0
N20DCPT088
0.000000
0
3
MH7
2020
3 1 1 10
0
7
N20DCPT033
4.000000
0
N20DCPT041
6.000000
0
N20DCPT044
10.000000
0
N20DCPT079
8.000000
0
N20DCPT084
5.000000
0
N20DCPT085
9.000000
0
N20DCPT088
9.000000
0
4
MH10
2020
4 2 100 200
0
1
N20DCPT033
0.000000
0
6
MH6
2020
3 3 120 200
0
5
N20DCPT012
0.000000
0
N20DCPT033
0.000000
0
N20DCPT041
0.000000
0
N20DCPT044
10.000000
0
N20DCPT088
0.000000
0
7
MH10
2020
3 4 200 200
0
5
N20DCPT011
0.000000
1
N20DCPT033
0.000000
0
N20DCPT041
0.000000
0
N20DCPT044
10.000000
0
N20DCPT088
0.000000
0
8
MH8
2020
5 5 10 100
0
8
N20DCPT017
1.200000
0
N20DCPT030
4.500000
0
N20DCPT033
0.000000
0
N20DCPT043
0.000000
0
N20DCPT044
10.000000
0
N20DCPT048
0.000000
0
N20DCPT078
0.000000
0
N20DCPT089
0.000000
0
10
MH45
2021
6 6 50 50
0
0
11
MH10
2022
3 3 10 60
0
2
N20DCPT043
0.000000
0
N20DCPT044
10.000000
0
12
MH7
2023
3 2 10 20
0
1
N20DCPT044
0.000000
0